Welcome to Greed
1: Play Game?
2: Quit Program?
Enter menu option: 1
Player score: 0
67171976251433768182336918912969172781727376733249659627113466341727683617526343
63428663344917466996813641214324125351253635826569759312276272883819348336973965
11328262768877277938566659955251525242493861164495616518143918422269989585537471
92832288733854175932876164862641594581581717333489987635676827629684427765761667
34277134785467993283841856299344886667141448647228161485986186956679314439617737
71951964486847968189332341591943745378234626419336595781214196324344228296427341
62873928316174314526492967289779298575642864692751197652833461994544169331772891
19256545167493796637917254479539353964967321249435244952453114584723498937167993
73142371173688949596229771528849448964794494787465331985332687375729295985173251
98769782645591233568966145458748681767761889175843526557162395982728698479834255
4889762672516997684692737577717914334465@157659465477874172733813819165158231212
86183926593674679622876248778891181841237929394485327426787194321755529381652393
67452318169389549926958926842134983444696827854631378629139477858546512336521243
65184774382526581524655513177149315164977868175933217749823549847175162375464242
92669698528526747747865931519355363794171349954494959511881741819111454362252672
48472817969412895781262563953562729976497693367792363725765519595368237251671455
61947332382967512683768181784978276235828733545132743358561586513141569313475278
52322773446111478373221398137445252412217463621191912973414343317979347592611151
69778742463136434784386682123532993941314277196679183553174514753522893565631681
72488491612275453463911475667884626234964784525553782899594261825633662398424878
Enter move option (0 to give up) : 9
Player score: 8
67171976251433768182336918912969172781727376733249659627113466341727683617526343
63428663344917466996813641214324125351253635826569759312276272883819348336973965
113282627688772779385666599552515252424938611644@5616518143918422269989585537471
92832288733854175932876164862641594581581717333 89987635676827629684427765761667
3427713478546799328384185629934488666714144864 228161485986186956679314439617737
719519644868479681893323415919437453782346264 9336595781214196324344228296427341
62873928316174314526492967289779298575642864 92751197652833461994544169331772891
1925654516749379663791725447953935396496732 249435244952453114584723498937167993
731423711736889495962297715288494489647944 4787465331985332687375729295985173251
98769782645591233568966145458748681767761 89175843526557162395982728698479834255
4889762672516997684692737577717914334465 157659465477874172733813819165158231212
86183926593674679622876248778891181841237929394485327426787194321755529381652393
67452318169389549926958926842134983444696827854631378629139477858546512336521243
65184774382526581524655513177149315164977868175933217749823549847175162375464242
92669698528526747747865931519355363794171349954494959511881741819111454362252672
48472817969412895781262563953562729976497693367792363725765519595368237251671455
61947332382967512683768181784978276235828733545132743358561586513141569313475278
52322773446111478373221398137445252412217463621191912973414343317979347592611151
69778742463136434784386682123532993941314277196679183553174514753522893565631681
72488491612275453463911475667884626234964784525553782899594261825633662398424878
Enter move option (0 to give up) : 4
Player score: 12
67171976251433768182336918912969172781727376733249659627113466341727683617526343
63428663344917466996813641214324125351253635826569759312276272883819348336973965
11328262768877277938566659955251525242493861@    5616518143918422269989585537471
92832288733854175932876164862641594581581717333 89987635676827629684427765761667
3427713478546799328384185629934488666714144864 228161485986186956679314439617737
719519644868479681893323415919437453782346264 9336595781214196324344228296427341
62873928316174314526492967289779298575642864 92751197652833461994544169331772891
1925654516749379663791725447953935396496732 249435244952453114584723498937167993
731423711736889495962297715288494489647944 4787465331985332687375729295985173251
98769782645591233568966145458748681767761 89175843526557162395982728698479834255
4889762672516997684692737577717914334465 157659465477874172733813819165158231212
86183926593674679622876248778891181841237929394485327426787194321755529381652393
67452318169389549926958926842134983444696827854631378629139477858546512336521243
65184774382526581524655513177149315164977868175933217749823549847175162375464242
92669698528526747747865931519355363794171349954494959511881741819111454362252672
48472817969412895781262563953562729976497693367792363725765519595368237251671455
61947332382967512683768181784978276235828733545132743358561586513141569313475278
52322773446111478373221398137445252412217463621191912973414343317979347592611151
69778742463136434784386682123532993941314277196679183553174514753522893565631681
72488491612275453463911475667884626234964784525553782899594261825633662398424878
Enter move option (0 to give up) : 1
Player score: 19
67171976251433768182336918912969172781727376733249659627113466341727683617526343
63428663344917466996813641214324125351253635826569759312276272883819348336973965
11328262768877277938566659955251525242493861     5616518143918422269989585537471
9283228873385417593287616486264159458158171 333 89987635676827629684427765761667
342771347854679932838418562993448866671414 864 228161485986186956679314439617737
71951964486847968189332341591943745378234 264 9336595781214196324344228296427341
6287392831617431452649296728977929857564 864 92751197652833461994544169331772891
192565451674937966379172544795393539649 732 249435244952453114584723498937167993
73142371173688949596229771528849448964 944 4787465331985332687375729295985173251
9876978264559123356896614545874868176@761 89175843526557162395982728698479834255
4889762672516997684692737577717914334465 157659465477874172733813819165158231212
86183926593674679622876248778891181841237929394485327426787194321755529381652393
67452318169389549926958926842134983444696827854631378629139477858546512336521243
65184774382526581524655513177149315164977868175933217749823549847175162375464242
92669698528526747747865931519355363794171349954494959511881741819111454362252672
48472817969412895781262563953562729976497693367792363725765519595368237251671455
61947332382967512683768181784978276235828733545132743358561586513141569313475278
52322773446111478373221398137445252412217463621191912973414343317979347592611151
69778742463136434784386682123532993941314277196679183553174514753522893565631681
72488491612275453463911475667884626234964784525553782899594261825633662398424878
Enter move option (0 to give up) : 6
That is an invalid move. Try again.
Player score: 19
67171976251433768182336918912969172781727376733249659627113466341727683617526343
63428663344917466996813641214324125351253635826569759312276272883819348336973965
11328262768877277938566659955251525242493861     5616518143918422269989585537471
9283228873385417593287616486264159458158171 333 89987635676827629684427765761667
342771347854679932838418562993448866671414 864 228161485986186956679314439617737
71951964486847968189332341591943745378234 264 9336595781214196324344228296427341
6287392831617431452649296728977929857564 864 92751197652833461994544169331772891
192565451674937966379172544795393539649 732 249435244952453114584723498937167993
73142371173688949596229771528849448964 944 4787465331985332687375729295985173251
9876978264559123356896614545874868176@761 89175843526557162395982728698479834255
4889762672516997684692737577717914334465 157659465477874172733813819165158231212
86183926593674679622876248778891181841237929394485327426787194321755529381652393
67452318169389549926958926842134983444696827854631378629139477858546512336521243
65184774382526581524655513177149315164977868175933217749823549847175162375464242
92669698528526747747865931519355363794171349954494959511881741819111454362252672
48472817969412895781262563953562729976497693367792363725765519595368237251671455
61947332382967512683768181784978276235828733545132743358561586513141569313475278
52322773446111478373221398137445252412217463621191912973414343317979347592611151
69778742463136434784386682123532993941314277196679183553174514753522893565631681
72488491612275453463911475667884626234964784525553782899594261825633662398424878
Enter move option (0 to give up) : 8
Player score: 23
67171976251433768182336918912969172781727376733249659627113466341727683617526343
63428663344917466996813641214324125351253635826569759312276272883819348336973965
11328262768877277938566659955251525242493861     5616518143918422269989585537471
9283228873385417593287616486264159458158171 333 89987635676827629684427765761667
342771347854679932838418562993448866671414 864 228161485986186956679314439617737
7195196448684796818933234159194374537@234 264 9336595781214196324344228296427341
6287392831617431452649296728977929857 64 864 92751197652833461994544169331772891
1925654516749379663791725447953935396 9 732 249435244952453114584723498937167993
7314237117368894959622977152884944896  944 4787465331985332687375729295985173251
9876978264559123356896614545874868176 761 89175843526557162395982728698479834255
4889762672516997684692737577717914334465 157659465477874172733813819165158231212
86183926593674679622876248778891181841237929394485327426787194321755529381652393
67452318169389549926958926842134983444696827854631378629139477858546512336521243
65184774382526581524655513177149315164977868175933217749823549847175162375464242
92669698528526747747865931519355363794171349954494959511881741819111454362252672
48472817969412895781262563953562729976497693367792363725765519595368237251671455
61947332382967512683768181784978276235828733545132743358561586513141569313475278
52322773446111478373221398137445252412217463621191912973414343317979347592611151
69778742463136434784386682123532993941314277196679183553174514753522893565631681
72488491612275453463911475667884626234964784525553782899594261825633662398424878
Enter move option (0 to give up) : 8
That is an invalid move. Try again.
Player score: 23
67171976251433768182336918912969172781727376733249659627113466341727683617526343
63428663344917466996813641214324125351253635826569759312276272883819348336973965
11328262768877277938566659955251525242493861     5616518143918422269989585537471
9283228873385417593287616486264159458158171 333 89987635676827629684427765761667
342771347854679932838418562993448866671414 864 228161485986186956679314439617737
7195196448684796818933234159194374537@234 264 9336595781214196324344228296427341
6287392831617431452649296728977929857 64 864 92751197652833461994544169331772891
1925654516749379663791725447953935396 9 732 249435244952453114584723498937167993
7314237117368894959622977152884944896  944 4787465331985332687375729295985173251
9876978264559123356896614545874868176 761 89175843526557162395982728698479834255
4889762672516997684692737577717914334465 157659465477874172733813819165158231212
86183926593674679622876248778891181841237929394485327426787194321755529381652393
67452318169389549926958926842134983444696827854631378629139477858546512336521243
65184774382526581524655513177149315164977868175933217749823549847175162375464242
92669698528526747747865931519355363794171349954494959511881741819111454362252672
48472817969412895781262563953562729976497693367792363725765519595368237251671455
61947332382967512683768181784978276235828733545132743358561586513141569313475278
52322773446111478373221398137445252412217463621191912973414343317979347592611151
69778742463136434784386682123532993941314277196679183553174514753522893565631681
72488491612275453463911475667884626234964784525553782899594261825633662398424878
Enter move option (0 to give up) : 6
Player score: 25
67171976251433768182336918912969172781727376733249659627113466341727683617526343
63428663344917466996813641214324125351253635826569759312276272883819348336973965
11328262768877277938566659955251525242493861     5616518143918422269989585537471
9283228873385417593287616486264159458158171 333 89987635676827629684427765761667
342771347854679932838418562993448866671414 864 228161485986186956679314439617737
7195196448684796818933234159194374537  @4 264 9336595781214196324344228296427341
6287392831617431452649296728977929857 64 864 92751197652833461994544169331772891
1925654516749379663791725447953935396 9 732 249435244952453114584723498937167993
7314237117368894959622977152884944896  944 4787465331985332687375729295985173251
9876978264559123356896614545874868176 761 89175843526557162395982728698479834255
4889762672516997684692737577717914334465 157659465477874172733813819165158231212
86183926593674679622876248778891181841237929394485327426787194321755529381652393
67452318169389549926958926842134983444696827854631378629139477858546512336521243
65184774382526581524655513177149315164977868175933217749823549847175162375464242
92669698528526747747865931519355363794171349954494959511881741819111454362252672
48472817969412895781262563953562729976497693367792363725765519595368237251671455
61947332382967512683768181784978276235828733545132743358561586513141569313475278
52322773446111478373221398137445252412217463621191912973414343317979347592611151
69778742463136434784386682123532993941314277196679183553174514753522893565631681
72488491612275453463911475667884626234964784525553782899594261825633662398424878
...
...
some time later
...
...
Player score: 162
67171976251433768182336918912969172781727376733249659627113466341727683617526343
634286633449174669968136412143241253512 3635826569 59312@        819348336973965
11328262768877277938566659955251525242  3861        65     9184 2269989585537471
9283228873385417593287616486264159458 5 171 333    8 6 56 6827 29684427765761667
342771347854679932838418562993448866 71 14 864  2  61  5 8618 956679314439617737
71951964486847968189332341591943745 7   4 264  33  957  2  1 6324344228296427341
6287392831617431452649296728977929 57 64 864  275  976 2  3 61994544169331772891
192565451674937966379172544795393 396 9 732  4943  44 5  5 114584723498937167993
73142371173688949596229771528849 4896  944  78746 3  9  3 2687375729295985173251
9876978264559123356896614545874 68176  61  917584 5    7 62395982728698479834255
488976267251699768469273757771 914334  5  5765946  7  7 172733813819165158231212
86183926593674679622876248778 911818 1 37       8 3 74 6787194321755529381652393
6745231816938954992695892684 134983 44 96827854 3  78 29139477858546512336521243
651847743825265815246555131        164 77868175 3  1 749823549847175162375464242
92669698528526747747865931519355363794 71349954 949 9511881741819111454362252672
48472817969412895781262563953562729976          92363725765519595368237251671455
61947332382967512683768181784978276235828733545132743358561586513141569313475278
52322773446111478373221398137445252412217463621191912973414343317979347592611151
69778742463136434784386682123532993941314277196679183553174514753522893565631681
72488491612275453463911475667884626234964784525553782899594261825633662398424878
Enter move option (0 to give up) : 4
Player score: 164
67171976251433768182336918912969172781727376733249659627113466341727683617526343
634286633449174669968136412143241253512 3635826569 593@          819348336973965
11328262768877277938566659955251525242  3861        65     9184 2269989585537471
9283228873385417593287616486264159458 5 171 333    8 6 56 6827 29684427765761667
342771347854679932838418562993448866 71 14 864  2  61  5 8618 956679314439617737
71951964486847968189332341591943745 7   4 264  33  957  2  1 6324344228296427341
6287392831617431452649296728977929 57 64 864  275  976 2  3 61994544169331772891
192565451674937966379172544795393 396 9 732  4943  44 5  5 114584723498937167993
73142371173688949596229771528849 4896  944  78746 3  9  3 2687375729295985173251
9876978264559123356896614545874 68176  61  917584 5    7 62395982728698479834255
488976267251699768469273757771 914334  5  5765946  7  7 172733813819165158231212
86183926593674679622876248778 911818 1 37       8 3 74 6787194321755529381652393
6745231816938954992695892684 134983 44 96827854 3  78 29139477858546512336521243
651847743825265815246555131        164 77868175 3  1 749823549847175162375464242
92669698528526747747865931519355363794 71349954 949 9511881741819111454362252672
48472817969412895781262563953562729976          92363725765519595368237251671455
61947332382967512683768181784978276235828733545132743358561586513141569313475278
52322773446111478373221398137445252412217463621191912973414343317979347592611151
69778742463136434784386682123532993941314277196679183553174514753522893565631681
72488491612275453463911475667884626234964784525553782899594261825633662398424878
Enter move option (0 to give up) : 4
Player score: 167
67171976251433768182336918912969172781727376733249659627113466341727683617526343
634286633449174669968136412143241253512 3635826569 @             819348336973965
11328262768877277938566659955251525242  3861        65     9184 2269989585537471
9283228873385417593287616486264159458 5 171 333    8 6 56 6827 29684427765761667
342771347854679932838418562993448866 71 14 864  2  61  5 8618 956679314439617737
71951964486847968189332341591943745 7   4 264  33  957  2  1 6324344228296427341
6287392831617431452649296728977929 57 64 864  275  976 2  3 61994544169331772891
192565451674937966379172544795393 396 9 732  4943  44 5  5 114584723498937167993
73142371173688949596229771528849 4896  944  78746 3  9  3 2687375729295985173251
9876978264559123356896614545874 68176  61  917584 5    7 62395982728698479834255
488976267251699768469273757771 914334  5  5765946  7  7 172733813819165158231212
86183926593674679622876248778 911818 1 37       8 3 74 6787194321755529381652393
6745231816938954992695892684 134983 44 96827854 3  78 29139477858546512336521243
651847743825265815246555131        164 77868175 3  1 749823549847175162375464242
92669698528526747747865931519355363794 71349954 949 9511881741819111454362252672
48472817969412895781262563953562729976          92363725765519595368237251671455
61947332382967512683768181784978276235828733545132743358561586513141569313475278
52322773446111478373221398137445252412217463621191912973414343317979347592611151
69778742463136434784386682123532993941314277196679183553174514753522893565631681
72488491612275453463911475667884626234964784525553782899594261825633662398424878
Enter move option (0 to give up) : No more moves, give up : 0
Welcome back to Greed
1: Play Game?
2: Quit Program?
Enter menu option: 1
Player score: 0
73214785521775967472399797316219647385386645999874357973256889373723226936233267
62411718744722698777553164572255599359148119889422277224269152291226655147948736
41472165662664243773921443842699982733761279212353427615518152662685868594737151
38649937514694661171133741342521968953171531773784929272496971215484149323277753
31951434836735571136342225374153777597831737714573642722149888759788895545111767
89336258175191299893585165899791549684239868263394781413299325919951942251674887
12736924538624365398131187281789941378422961724895175733914362248378236774352838
82913479845174373156882612383372767473594338667738316269172342837274857535181185
67384619144553618195484792696769134223597847992457433873924591434231363618741733
57596886113935923948345286939848213913877921376748121837218328624574293143481913
9311257235262747139847473435944616832765@668823778859316526938712243854985953188
82792524465399393451423233347977682249233497175245214283786634756749561368885192
81454815721831197282383337764518837171154562878424781518682466619565184596172659
75781697718359478618115969984595267342433365719896221111339878466739684699379366
96695425148543932341276892913155817325916416912378821235228711253228457928358431
41296128517551432667397836541217126685247119319523585391174251618991251798471177
61325887225816257299315514333165151181768724914873264185628474343239985631781495
41548155265886849194327834742141918826385166334365595512277379782454541612944772
97612348542365967399138398273158678398469141427964649461685654916856997722939623
14941517114397325866418267979452722955355234274385595958133731952739824813736586
Enter move option (0 to give up) : 